496.0
496.0
496.0
496.0
496.0
496.0
496.0
496.0
496.0
496.0
496.0
496.0
496.0
496.0
496.0
496.0
496.0
496.0
496.0
498.0
501.75
501.75
501.75
501.75
501.75
501.75
502.0
502.0
502.0
509.25
509.25
509.25
509.25
509.25
509.25
509.25
509.25
509.25
509.25
509.25
517.25
514.0
514.0
514.0
514.0
514.0
514.0
514.0
514.0
514.0
514.0
514.0
514.0
514.0
514.0
514.0
514.0
514.0
521.25
521.25
521.25
523.25
523.25
523.25
523.25
523.25
525.5
525.5
525.5
525.5
525.5
525.5
525.5
525.5
525.5
525.5
529.25
529.25
529.25
529.25
529.25
529.25
532.25
532.25
532.25
532.0
532.0
532.0
532.0
532.0
532.0
532.0
532.0
532.0
532.0
532.0
532.0
534.0
534.0
534.0
534.0
534.0
534.0
534.0
534.0
534.0
534.0
534.0
534.0
534.0
534.0
534.0
534.0
534.0
534.0
534.0
534.0
534.25
534.25
534.25
534.25
534.25
534.25
534.25
534.25
534.25
534.25
534.25
534.25
534.25
542.25
540.75
540.75
540.75
540.75
540.75
540.75
540.75
540.75
540.75
540.75
540.75
540.75
540.75
540.75
543.25
545.25
545.25
546.25
546.25
546.25
546.25
546.25
546.25
546.25
546.25
546.25
546.25
546.25
546.25
546.25
546.25
546.25
546.25
546.25
546.25
546.25
546.25
546.25
546.25
546.25
546.25
546.25
546.0
546.0
546.0
546.0
546.0
546.0
546.0
546.0
546.0
546.0
546.0
546.0
546.5
546.5
546.5
546.5
546.5
546.5
546.25
546.25
546.25
546.25
546.25
546.25
546.25
546.25
546.25
546.25
546.25
546.25
546.25
546.25
546.25
546.25
546.25
546.25
546.25
546.25
546.25
546.25
546.25
553.75
553.75
553.75
553.75
553.75
553.75
553.75
551.0
551.0
551.0
551.0
551.0
551.0
551.0
548.25
548.25
548.25
548.25
548.25
548.25
548.25
548.25
548.25
548.25
548.25
548.25
548.25
548.25
553.75
553.75
553.75
553.75
553.75
553.75
553.75
553.75
553.75
553.75
553.75
553.75
553.75
553.75
553.75
553.75
553.75
553.75
553.75
553.75
553.75
553.75
553.75
553.75
553.75
553.75
553.75
553.75
553.75
553.75
553.75
553.75
553.75
553.75
553.75
553.75
553.75
564.5
564.5
564.5
564.5
564.5
564.5
564.5
564.5
564.5
564.5
564.5
564.5
564.5
564.5
564.5
564.5
564.5
564.5
564.5
564.5
564.5
564.5
564.5
564.5
569.25
569.25
569.25
575.5
575.5
575.5
582.75
582.75
582.75
582.75
582.75
582.75
582.75
584.25
584.25
584.25
584.25
584.25
584.25
584.25
586.25
586.5
586.5
586.5
586.5
586.5
586.5
586.25
586.25
586.25
586.25
586.25
586.25
586.25
586.25
586.0
586.0
586.0
586.0
586.0
585.75
585.75
585.75
585.75
585.75
585.75
585.75
585.75
585.75
585.75
585.75
585.75
585.75
585.75
591.25
591.25
591.25
591.25
591.25
591.25
591.25
591.25
591.25
591.0
591.0
591.0
591.0
591.0
591.0
591.0
591.0
591.0
591.0
591.0
589.5
589.5
589.5
589.5
589.5
589.5
589.5
589.5
589.5
589.5
589.5
589.5
589.5
589.5
589.5
589.5
589.5
593.0
593.0
593.0
593.0
593.0
593.0
593.0
593.0
593.0
601.75
601.75
601.75
601.75
601.75
603.25
603.25
603.25
603.25
603.25
603.25
603.25
603.25
603.25
603.25
603.25
603.25
603.25
603.25
603.25
603.25
603.25
603.25
603.25
603.25
603.25
603.25
614.5
614.5
614.75
614.75
614.75
614.75
614.75
614.75
614.75
614.75
614.75
614.75
619.5
619.5
619.5
619.5
619.5
619.5
619.5
619.5
619.5
619.5
619.5
619.5
619.5
619.5
619.5
619.5
619.5
623.0
624.5
624.5
624.5
624.5
624.5
624.5
624.5
624.5
624.5
624.5
624.5
624.5
625.75
625.75
625.75
625.75
625.75
625.75
624.75
624.75
624.75
624.75
624.75
624.75
624.75
624.75
624.75
624.75
624.75
624.75
624.75
624.75
624.75
624.75
624.75
624.75
624.75
624.75
624.75
624.75
625.0
629.0
629.0
629.0
629.0
629.0
629.0
629.0
629.0
632.25
632.25
632.25
632.25
638.0
638.0
638.0
638.0
638.0
638.25
638.25
638.0
638.0
638.0
638.0
638.0
638.0
638.0
638.0
638.0
638.0
638.25
638.25
638.25
638.25
638.25
638.25
638.25
638.25
638.25
638.25
638.25
637.75
637.75
637.75
637.75
637.75
637.75
637.75
638.75
638.75
638.75
638.75
638.75
638.75
638.75
638.75
638.75
638.75
638.75
636.75
636.75
636.75
643.5
643.5
643.5
643.5
643.5
643.5
643.5
643.5
643.5
643.5
643.5
643.5
643.25
643.25
643.25
643.25
643.25
643.25
643.25
643.0
647.75
647.75
647.75
647.75
647.75
647.75
647.75
647.75
647.75
647.75
647.75
647.75
647.75
647.75
647.75
647.75
647.75
647.75
647.75
647.75
647.75
647.75
647.75
647.75
647.75
647.75
647.75
647.75
647.75
647.75
647.75
647.75
647.75
647.5
649.75
650.75
650.75
650.75
650.75
653.5
653.5
653.5
653.5
653.5
653.5
653.5
653.5
653.5
654.75
654.75
654.75
654.75
654.75
654.75
654.75
654.75
654.75
654.75
654.75
654.75
654.75
655.5
655.5
655.5
655.5
655.5
655.5
655.5
655.5
655.5
655.5
655.5
655.25
655.25
658.5
658.5
658.5
658.5
658.5
658.5
658.5
658.5
658.5
658.5
658.5
658.5
661.0
661.0
661.0
661.0
661.0
661.0
661.0
661.0
661.0
665.75
665.5
665.5
665.5
665.5
665.5
665.5
665.5
664.25
664.25
664.25
664.25
664.25
664.25
666.75
666.75
666.5
666.5
666.25
666.25
671.5
671.5
671.5
671.5
671.5
677.0
677.0
677.0
677.0
677.0
677.0
677.0
676.75
676.75
676.75
676.75
676.75
679.25
679.25
679.25
679.25
679.25
679.25
685.25
685.25
685.25
685.25
685.25
685.25
685.25
685.25
685.25
685.25
685.25
685.25
685.25
685.25
685.25
685.25
685.25
685.25
685.25
685.25
685.25
685.25
685.25
685.25
685.25
685.25
685.25
685.25
685.25
685.25
690.0
690.0
690.0
690.0
690.0
690.0
690.0
690.0
690.0
690.0
690.0
690.0
690.0
690.0
690.0
690.0
690.0
690.0
690.0
690.0
690.0
690.0
690.0
690.0
690.0
690.0
690.0
690.0
690.0
690.0
690.0
690.0
690.0
690.0
690.0
690.0
690.0
690.0
690.0
690.0
690.0
690.0
690.0
690.25
690.25
690.25
690.25
690.25
690.25
690.25
690.25
690.25
690.25
690.25
690.25
690.25
690.25
690.25
690.25
690.25
690.25
690.25
690.25
690.25
690.25
690.25
690.25
690.25
690.25
690.25
690.25
690.25
690.25
690.25
690.25
690.25
690.25
690.25
690.25
690.25
690.25
690.25
690.25
690.25
690.25
690.25
690.25
690.25
690.25
690.25
690.25
690.25
697.0
697.0
697.0
697.0
697.0
697.0
696.75
696.75
696.75
696.75
696.75
696.75
696.75
696.75
696.75
696.75
696.75
696.75
696.75
696.75
696.75
696.75
696.75
696.75
696.75
696.75
696.75
696.75
696.75
696.75
696.75
696.75
696.75
696.75
695.0
695.0
695.0
695.0
695.0
695.0
695.0
695.0
695.0
695.0
695.0
695.0
695.0
695.0
695.0
695.0
695.0
695.0
695.0
695.0
695.0
695.0
695.0
695.0
695.0
695.0
695.0
695.0
695.0
694.75
694.75
694.75
694.75
694.75
694.75
694.75
694.75
694.75
694.75
694.75
694.75
694.75
694.75
694.75
694.75
694.75
694.75
694.75
694.75
694.75
694.75
705.0
705.0
705.0
705.25
705.25
705.25
705.25
705.0
705.0
704.75
704.75
704.75
704.75
704.5
704.5
704.5
704.5
704.5
704.5
704.5
704.5
704.5
704.5
704.5
704.5
704.5
704.5
709.25
709.25
709.25
699.75
699.75
699.75
699.75
699.75
699.75
699.75
699.75
699.75
699.75
699.75
699.5
699.5
699.25
699.25
708.25
708.25
708.25
708.25
708.25
708.25
708.25
708.25
703.5
703.5
703.5
703.5
703.5
703.5
703.5
703.5
703.5
703.5
703.5
703.5
703.5
703.5
703.5
703.5
703.5
703.5
703.5
703.5
